A 0.0000000 0.0120000 0.0160000 0.0200000 
B 0.0000000 0.0440000 0.0510000 0.0560000 
C 0.0000000 0.1340000 0.1480000 0.1600000 
D 0.0000000 0.0560000 0.0620000 0.0720000 
E 0.0000000 0.2450000 0.2640000 0.2740000 
F 0.0000000 0.4130000 0.4470000 0.4560000 
G 0.0000000 0.0880000 0.0990000 0.1150000 
H 0.0000000 0.4340000 0.4750000 0.5040000 
I 0.0000000 0.8460000 0.9100000 0.9270000 
J 0.0000000 0.4350000 0.4810000 0.5740000 
K 0.0000000 2.4170001 2.5969999 2.7110000 
L 0.0000000 5.4330001 5.7820001 5.8860002 
M 0.0000000 0.8760000 0.9980000 1.3950000 
N 0.0000000 5.2729998 5.6339998 5.8690000 
O 0.0000000 10.8559999 11.5930004 11.8470001 
P 0.0000000 5.3010001 5.8169999 7.3070002 
Q 0.0000000 26.2269993 28.8920002 30.7369995 
R 0.0000000 49.3100014 52.4199982 53.8580017 
