A 0.0000000 0.0190000 0.0260000 
B 0.0000000 0.0800000 0.0890000 
C 0.0000000 0.1850000 0.1910000 
D 0.0000000 0.1180000 0.1360000 
E 0.0000000 0.4840000 0.4960000 
F 0.0000000 1.2250000 1.2400000 
G 0.0000000 0.2120000 0.2280000 
H 0.0000000 0.7540000 0.7720000 
I 0.0000000 1.8630000 1.8900000 
J 0.0000000 0.7630000 0.8210000 
K 0.0000000 4.3600001 4.4489999 
L 0.0000000 7.1030002 7.1890001 
M 0.0000000 1.7640001 1.9030000 
N 0.0000000 8.4420004 8.5939999 
O 0.0000000 20.4150009 20.6210003 
P 0.0000000 9.6789999 10.8269997 
Q 0.0000000 44.9679985 46.3810005 
R 0.0000000 93.6190033 94.8779984 
