A 0.0000000 0.0150000 0.0200000 
B 0.0000000 0.0670000 0.0730000 
C 0.0000000 0.1760000 0.1840000 
D 0.0000000 0.1620000 0.1730000 
E 0.0000000 0.4480000 0.4600000 
F 0.0000000 1.3880000 1.3980000 
G 0.0000000 0.2120000 0.2270000 
H 0.0000000 0.8330000 0.8480000 
I 0.0000000 1.7840000 1.8040000 
J 0.0010000 0.9280000 0.9940000 
K 0.0000000 4.4590001 4.5500002 
L 0.0000000 8.5939999 8.6650000 
M 0.0000000 2.0400000 2.2170000 
N 0.0000000 8.9130001 9.0979996 
O 0.0000000 17.6000004 17.8649998 
P 0.0000000 10.5740004 11.6890001 
Q 0.0000000 54.3390007 55.9269981 
R 0.0000000 90.4359970 91.8830032 
